x=3; y=5;z=x*y;d=x-y
d 
x=3;y=5;z=x*y;d=x-y
x^y
who
whos
1+2+3
(1+2)*3
(1+345/87)/(763-98*43)
-1*2
-1^2
(-1)^2
12*87
6.5*10^-3
6.5*10-3
1.7234^43
2.4e+3
2.4*10^3
2.4e-3
pi
PI
pi^3
